"year"	"mfr"	"nameplate"	"hp"	"torque"	"mpg"	"fuel"	"curbwt"	"d_truck"	"d_super"	"d_turbo"	"d_diesel"	"d_manual"	"outlier"	"accel"	"lmpg"	"lcurbwt"	"lhp"	"ltorque"	"lhp2"	"lcurbwt2"	"ltorque2"	"lcurbwt_lhp"	"lcurbwt_ltorque"	"lhp_ltorque"	"base"	"rgasp"	"cafe_car"	"cafe_tr"	"time_d_manual"
"1"	1980	"HONDA"	"CIVIC"	67	107	38.9000015258789	"G"	1780	0	0	0	0	1	0	12.2827043533325	3.66099429130554	7.48436880111694	4.20469284057617	4.67282867431641	17.6794414520264	56.0157775878906	21.8353271484375	31.4694709777832	34.9731750488281	19.6478099822998	1	0	0	0	1
"2"	1981	"HONDA"	"CIVIC"	67	106.699996948242	37.0999984741211	"G"	1962	0	0	0	0	1	0	13.2452526092529	3.61361694335938	7.58171987533569	4.20469284057617	4.67002105712891	17.6794414520264	57.4824752807617	21.8090972900391	31.8788032531738	35.4067916870117	19.6360034942627	1	0	0	0	2
"3"	1982	"HONDA"	"CIVIC"	60	92.1999969482422	46.0999984741211	"G"	1761	0	0	0	0	1	0	13.2685289382935	3.83081293106079	7.47363710403442	4.09434461593628	4.52396011352539	16.7636585235596	55.8552513122559	20.466215133667	30.599645614624	33.8104362487793	18.5226516723633	1	0	0	0	3
"4"	1983	"HONDA"	"CIVIC"	60	92.1999969482422	49.4000015258789	"G"	1773	0	0	0	0	1	0	13.338547706604	3.89995050430298	7.48042821884155	4.09434461593628	4.52396011352539	16.7636585235596	55.9568061828613	20.466215133667	30.6274509429932	33.8411598205566	18.5226516723633	1	0	0	0	4
"5"	1984	"HONDA"	"CIVIC"	60	99	47.5999984741211	"G"	1887	0	0	0	0	1	0	13.9985313415527	3.86283278465271	7.54274368286133	4.09434461593628	4.59511995315552	16.7636585235596	56.8929824829102	21.1151275634766	30.8825912475586	34.6598129272461	18.8140048980713	1	0	0	0	5
"6"	1985	"HONDA"	"CIVIC"	60	99	47.4000015258789	"G"	1887	0	0	0	0	0	0	14.3202123641968	3.85862231254578	7.54274368286133	4.09434461593628	4.59511995315552	16.7636585235596	56.8929824829102	21.1151275634766	30.8825912475586	34.6598129272461	18.8140048980713	1	0	0	0	0
"7"	1986	"HONDA"	"CIVIC"	60	99	46.5999984741211	"G"	1887	0	0	0	0	1	0	13.9985313415527	3.84160041809082	7.54274368286133	4.09434461593628	4.59511995315552	16.7636585235596	56.8929824829102	21.1151275634766	30.8825912475586	34.6598129272461	18.8140048980713	1	0	0	0	7
"8"	1987	"HONDA"	"CIVIC"	60	99	46.5999984741211	"G"	1887	0	0	0	0	1	0	13.9985313415527	3.84160041809082	7.54274368286133	4.09434461593628	4.59511995315552	16.7636585235596	56.8929824829102	21.1151275634766	30.8825912475586	34.6598129272461	18.8140048980713	1	0	0	0	8
"9"	1988	"HONDA"	"CIVIC"	70	112.900001525879	42.5	"G"	1933	0	0	0	0	1	0	12.6562538146973	3.74950408935547	7.56682825088501	4.24849510192871	4.72650241851807	18.049711227417	57.2568893432617	22.3398246765137	32.147632598877	35.7646331787109	20.0805225372314	1	0	0	0	9
"10"	1989	"HONDA"	"CIVIC"	70	112.900001525879	42.2000007629395	"G"	2039	0	0	0	0	1	0	13.190881729126	3.7424201965332	7.62021493911743	4.24849510192871	4.72650241851807	18.049711227417	58.0676765441895	22.3398246765137	32.3744468688965	36.0169639587402	20.0805225372314	1	0	0	0	10
"11"	1990	"HONDA"	"CIVIC"	70	111.199996948242	40.9000015258789	"G"	2127	0	0	0	0	1	0	13.6299829483032	3.71113014221191	7.66246795654297	4.24849510192871	4.71133041381836	18.049711227417	58.7134170532227	22.1966342926025	32.5539588928223	36.1004180908203	20.0160636901855	1	0	0	0	11
"12"	1991	"HONDA"	"CIVIC"	70	112.5	41	"G"	2127	0	0	0	0	1	0	13.6299829483032	3.71357202529907	7.66246795654297	4.24849510192871	4.72295331954956	18.049711227417	58.7134170532227	22.3062877655029	32.5539588928223	36.1894798278809	20.0654449462891	1	0	0	0	12
"13"	1992	"HONDA"	"CIVIC"	92	131.5	50	"G"	2275	0	0	0	0	1	0	11.618537902832	3.91202306747437	7.72973537445068	4.52178859710693	4.87900686264038	20.4465713500977	59.7488098144531	23.804708480835	34.9522285461426	37.7134323120117	22.0618381500244	1	0	0	0	13
"14"	1993	"HONDA"	"CIVIC"	102	132.899993896484	43.2999992370605	"G"	2264	0	0	0	0	1	0	10.6853942871094	3.76815271377563	7.72488832473755	4.62497282028198	4.88959693908691	21.3903732299805	59.673900604248	23.9081573486328	35.7273979187012	37.7715911865234	22.6142520904541	1	0	0	0	14
"15"	1994	"HONDA"	"CIVIC"	102	132.899993896484	42.7999992370605	"G"	2264	0	0	0	0	1	0	10.6853942871094	3.7565381526947	7.72488832473755	4.62497282028198	4.88959693908691	21.3903732299805	59.673900604248	23.9081573486328	35.7273979187012	37.7715911865234	22.6142520904541	1	0	0	0	15
"16"	1995	"HONDA"	"CIVIC"	102	132.899993896484	41.5999984741211	"G"	2264	0	0	0	0	1	0	10.6853942871094	3.72810006141663	7.72488832473755	4.62497282028198	4.88959693908691	21.3903732299805	59.673900604248	23.9081573486328	35.7273979187012	37.7715911865234	22.6142520904541	1	0	0	0	16
"17"	1996	"HONDA"	"CIVIC"	106	139.699996948242	41.2999992370605	"G"	2262	0	0	0	0	1	0	10.3644485473633	3.72086238861084	7.7240047454834	4.66343927383423	4.93949747085571	21.7476654052734	59.6602478027344	24.3986358642578	36.0204277038574	38.152702331543	23.0350456237793	1	0	0	0	17
"18"	1997	"HONDA"	"CIVIC"	106	140	47.7999992370605	"G"	2395	0	0	0	0	1	0	10.8336849212646	3.86702561378479	7.78113842010498	4.66343927383423	4.94164228439331	21.7476654052734	60.5461158752441	24.419828414917	36.286865234375	38.451602935791	23.0450477600098	1	0	0	0	18
"19"	1998	"HONDA"	"CIVIC"	106	140	45.5999984741211	"G"	2412	0	0	0	0	1	0	10.8932342529297	3.81990766525269	7.78821134567261	4.66343927383423	4.94164228439331	21.7476654052734	60.6562347412109	24.419828414917	36.3198509216309	38.4865531921387	23.0450477600098	1	0	0	0	19
"20"	1999	"HONDA"	"CIVIC"	106	140	39.7000007629395	"G"	2359	0	0	0	0	1	0	10.7072658538818	3.68135118484497	7.76599311828613	4.66343927383423	4.94164228439331	21.7476654052734	60.3106498718262	24.419828414917	36.216236114502	38.3767585754395	23.0450477600098	1	0	0	0	20
"21"	2002	"HONDA"	"CIVIC"	127	155	41.7999992370605	"G"	2564	0	0	0	0	1	0	9.9286470413208	3.73289632797241	7.84932374954224	4.84418725967407	5.0434250831604	23.4661502838135	61.6118850708008	25.4361362457275	38.0235939025879	39.587474822998	24.4312953948975	1	0	0	0	23
"22"	2003	"HONDA"	"CIVIC"	127	155	40.5	"G"	2601	0	0	0	0	1	0	10.0395069122314	3.70130205154419	7.86365127563477	4.84418725967407	5.0434250831604	23.4661502838135	61.8370132446289	25.4361362457275	38.0929985046387	39.6597366333008	24.4312953948975	1	0	0	0	24
"23"	2004	"HONDA"	"CIVIC"	115	149	40.0999984741211	"G"	2449	0	0	0	0	1	0	10.3478937149048	3.69137620925903	7.8034348487854	4.74493217468262	5.00394630432129	22.5143814086914	60.8935966491699	25.039478302002	37.0267677307129	39.0479698181152	23.7433853149414	1	0	0	0	25
"24"	2005	"HONDA"	"CIVIC"	115	149	40.0999984741211	"G"	2449	0	0	0	0	1	0	10.3478937149048	3.69137620925903	7.8034348487854	4.74493217468262	5.00394630432129	22.5143814086914	60.8935966491699	25.039478302002	37.0267677307129	39.0479698181152	23.7433853149414	1	0	0	0	26
"25"	2006	"HONDA"	"CIVIC"	140	174	39.7000007629395	"G"	2749	0	0	0	0	0	0	9.80093383789062	3.68135118484497	7.91899251937866	4.94164228439331	5.15905523300171	24.419828414917	62.7104415893555	26.6158504486084	39.1328277587891	40.8545188903809	25.4942054748535	1	0	0	0	0
"26"	1980	"HONDA"	"ACCORD"	72	127.5	28.2000007629395	"G"	2239	0	0	0	0	1	0	13.8766841888428	3.33932209014893	7.71378469467163	4.27666616439819	4.84811639785767	18.2898731231689	59.5024757385254	23.5042324066162	32.9892807006836	37.3973274230957	20.7337760925293	1	0	0	0	1
"27"	1981	"HONDA"	"ACCORD"	75	126.5	30.1000003814697	"G"	2249	0	0	0	0	1	0	13.4910526275635	3.40452527999878	7.71824073791504	4.31748819351196	4.84024238586426	18.6407051086426	59.5712394714355	23.4279460906982	33.323413848877	37.358154296875	20.8976898193359	1	0	0	0	2
"28"	1982	"HONDA"	"ACCORD"	75	130.199996948242	32.9000015258789	"G"	2169	0	0	0	0	1	0	13.1176223754883	3.49347281455994	7.6820216178894	4.31748819351196	4.86907148361206	18.6407051086426	59.0134544372559	23.707857131958	33.1670379638672	37.4043121337891	21.022159576416	1	0	0	0	3
"29"	1983	"HONDA"	"ACCORD"	75	130.199996948242	36.5	"G"	2179	0	0	0	0	1	0	13.1644687652588	3.59731221199036	7.68662118911743	4.31748819351196	4.86907148361206	18.6407051086426	59.0841445922852	23.707857131958	33.186897277832	37.4267082214355	21.022159576416	1	0	0	0	4
"30"	1984	"HONDA"	"ACCORD"	86	134.199996948242	35.7999992370605	"G"	2271	0	0	0	0	1	0	12.2252702713013	3.57794785499573	7.72797536849976	4.45434713363647	4.89933109283447	19.8412075042725	59.7216033935547	24.0034446716309	34.4230842590332	37.8619117736816	21.8233222961426	1	0	0	0	5
"31"	1985	"HONDA"	"ACCORD"	86	134.199996948242	33.0999984741211	"G"	2271	0	0	0	0	1	0	12.2252702713013	3.49953317642212	7.72797536849976	4.45434713363647	4.89933109283447	19.8412075042725	59.7216033935547	24.0034446716309	34.4230842590332	37.8619117736816	21.8233222961426	1	0	0	0	6
"32"	1986	"HONDA"	"ACCORD"	98	147.800003051758	34.5	"G"	2568	0	0	0	0	1	0	12.1524095535278	3.54095935821533	7.8508825302124	4.58496761322021	4.99586009979248	21.0219287872314	61.6363563537598	24.9586181640625	35.9960403442383	39.2219123840332	22.9058570861816	1	0	0	0	7
"33"	1987	"HONDA"	"ACCORD"	100	147.800003051758	34.5	"G"	2466	0	0	0	0	1	0	11.5936737060547	3.54095935821533	7.81035280227661	4.60517024993896	4.99586009979248	21.2075939178467	61.0016098022461	24.9586181640625	35.9680061340332	39.0194282531738	23.0067863464355	1	0	0	0	8
"34"	1988	"HONDA"	"ACCORD"	98	148.199996948242	35	"G"	2513	0	0	0	0	1	0	11.9502077102661	3.55534815788269	7.82923269271851	4.58496761322021	4.99856281280518	21.0219287872314	61.2968864440918	24.9856300354004	35.8967781066895	39.1349105834961	22.918249130249	1	0	0	0	9
"35"	1989	"HONDA"	"ACCORD"	98	148.199996948242	34.5	"G"	2500	0	0	0	0	1	0	11.9022693634033	3.54095935821533	7.82404613494873	4.58496761322021	4.99856281280518	21.0219287872314	61.2156982421875	24.9856300354004	35.8729972839355	39.1089859008789	22.918249130249	1	0	0	0	10
"36"	1990	"HONDA"	"ACCORD"	125	183.600006103516	31	"G"	2733	0	0	0	0	1	0	10.5612888336182	3.43398714065552	7.91315507888794	4.82831382751465	5.21275949478149	23.312614440918	62.6180229187012	27.1728610992432	38.2071952819824	41.2493743896484	25.1688385009766	1	0	0	0	11
"37"	1991	"HONDA"	"ACCORD"	130	192.5	30.7000007629395	"G"	2733	0	0	0	0	1	0	10.2450971603394	3.4242627620697	7.91315507888794	4.86753463745117	5.26009607315063	23.6928939819336	62.6180229187012	27.6686115264893	38.5175552368164	41.6239547729492	25.6037006378174	1	0	0	0	12
"38"	1992	"HONDA"	"ACCORD"	125	185.699996948242	30.7000007629395	"G"	2736	0	0	0	0	1	0	10.5702724456787	3.4242627620697	7.91425228118896	4.82831382751465	5.2241325378418	23.312614440918	62.6353874206543	27.291561126709	38.2124938964844	41.3451042175293	25.2237510681152	1	0	0	0	13
"39"	1993	"HONDA"	"ACCORD"	125	185.800003051758	31.6000003814697	"G"	2866	0	0	0	0	1	0	10.9574689865112	3.45315718650818	7.96067237854004	4.82831382751465	5.22467088699341	23.312614440918	63.3723030090332	27.2971858978271	38.4366226196289	41.5918922424316	25.2263507843018	1	0	0	0	14
"40"	1994	"HONDA"	"ACCORD"	130	188.5	32.2000007629395	"G"	2866	0	0	0	0	1	0	10.6294164657593	3.47196650505066	7.96067237854004	4.86753463745117	5.239098072052	23.6928939819336	63.3723030090332	27.448148727417	38.7488479614258	41.7067451477051	25.5014915466309	1	0	0	0	15
"41"	1995	"HONDA"	"ACCORD"	145	199.300003051758	32.2000007629395	"G"	3075	0	0	0	0	1	0	10.3144540786743	3.47196650505066	8.03106021881104	4.97673368453979	5.2948112487793	24.7678775787354	64.4979248046875	28.035026550293	39.968448638916	42.52294921875	26.350866317749	1	0	0	0	16
"42"	1996	"HONDA"	"ACCORD"	130	188.5	33	"G"	2855	0	0	0	0	1	0	10.597785949707	3.49650764465332	7.95682716369629	4.86753463745117	5.239098072052	23.6928939819336	63.3111000061035	27.448148727417	38.7301330566406	41.6865997314453	25.5014915466309	1	0	0	0	17
"43"	1997	"HONDA"	"ACCORD"	145	199	32	"G"	2993	0	0	0	0	1	0	10.1006422042847	3.465735912323	8.00403118133545	4.97673368453979	5.29330492019653	24.7678775787354	64.0645141601562	28.0190773010254	39.8339309692383	42.3677787780762	26.3433685302734	1	0	0	0	18
"44"	1998	"HONDA"	"ACCORD"	150	206	32.0999984741211	"G"	3020	0	0	0	0	1	0	9.90743255615234	3.4688560962677	8.01301193237305	5.01063537597656	5.32787609100342	25.106466293335	64.2083587646484	28.3862628936768	40.1502799987793	42.6923332214355	26.696044921875	1	0	0	0	19
"45"	1999	"HONDA"	"ACCORD"	150	206	32.2000007629395	"G"	2888	0	0	0	0	1	0	9.57014560699463	3.47196650505066	7.96831941604614	5.01063537597656	5.32787609100342	25.106466293335	63.4941139221191	28.3862628936768	39.926342010498	42.4542198181152	26.696044921875	1	0	0	0	20
"46"	2000	"HONDA"	"ACCORD"	135	197	30.3999996185303	"G"	2932	0	0	0	0	1	0	10.5067853927612	3.41444253921509	7.98343992233276	4.90527486801147	5.28320360183716	24.0617218017578	63.7353134155273	27.9122409820557	39.1609687805176	42.1781387329102	25.9155654907227	1	0	0	0	21
"47"	2001	"HONDA"	"ACCORD"	135	197	32	"G"	2943	0	0	0	0	1	0	10.5373220443726	3.465735912323	7.98718452453613	4.90527486801147	5.28320360183716	24.0617218017578	63.7951164245605	27.9122409820557	39.1793365478516	42.1979217529297	25.9155654907227	1	0	0	0	22
"48"	2002	"HONDA"	"ACCORD"	135	197	32.7999992370605	"G"	2943	0	0	0	0	1	0	10.5373220443726	3.49042844772339	7.98718452453613	4.90527486801147	5.28320360183716	24.0617218017578	63.7951164245605	27.9122409820557	39.1793365478516	42.1979217529297	25.9155654907227	1	0	0	0	23
"49"	2003	"HONDA"	"ACCORD"	160	279	34	"G"	3053	0	0	0	0	1	0	9.50378799438477	3.52636051177979	8.02388000488281	5.07517385482788	5.63121175765991	25.7573890686035	64.3826522827148	31.7105464935303	40.7225875854492	45.1841659545898	28.5793781280518	1	0	0	0	24
"50"	2004	"HONDA"	"ACCORD"	160	279	33.7999992370605	"G"	3053	0	0	0	0	1	0	9.50378799438477	3.52046084403992	8.02388000488281	5.07517385482788	5.63121175765991	25.7573890686035	64.3826522827148	31.7105464935303	40.7225875854492	45.1841659545898	28.5793781280518	1	0	0	0	25
"51"	2005	"HONDA"	"ACCORD"	160	279	34.0999984741211	"G"	3053	0	0	0	0	1	0	9.50378799438477	3.52929735183716	8.02388000488281	5.07517385482788	5.63121175765991	25.7573890686035	64.3826522827148	31.7105464935303	40.7225875854492	45.1841659545898	28.5793781280518	1	0	0	0	26
"52"	2006	"HONDA"	"ACCORD"	166	217	33.9000015258789	"G"	3163	0	0	0	0	1	0	9.49335193634033	3.52341508865356	8.05927658081055	5.11198759078979	5.37989711761475	26.132417678833	64.9519424438477	28.9432926177979	41.1989212036133	43.3580780029297	27.5019664764404	1	0	0	0	27
"53"	1980	"TOYOTA"	"COROLLA"	75	128.800003051758	30.2000007629395	"G"	2140	0	0	0	0	1	0	12.9814929962158	3.40784192085266	7.66856098175049	4.31748819351196	4.85826063156128	18.6407051086426	58.806827545166	23.6026954650879	33.1089210510254	37.2558670043945	20.9754829406738	1	0	0	0	1
"54"	1981	"TOYOTA"	"COROLLA"	75	128.800003051758	33.4000015258789	"G"	2240	0	0	0	0	1	0	13.4491930007935	3.50855588912964	7.71423101425171	4.31748819351196	4.85826063156128	18.6407051086426	59.5093612670898	23.6026954650879	33.3061027526855	37.4777450561523	20.9754829406738	1	0	0	0	2
"55"	1982	"TOYOTA"	"COROLLA"	70	115.300003051758	33.0999984741211	"G"	2310	0	0	0	0	1	0	14.5303058624268	3.49953317642212	7.74500274658203	4.24849510192871	4.74753761291504	18.049711227417	59.9850692749023	22.5391139984131	32.9046058654785	36.7696914672852	20.1698894500732	1	0	0	0	3
"56"	1983	"TOYOTA"	"COROLLA"	70	115.300003051758	40.2999992370605	"G"	2316	0	0	0	0	1	0	14.5595474243164	3.69635152816772	7.74759674072266	4.24849510192871	4.74753761291504	18.049711227417	60.0252571105957	22.5391139984131	32.9156265258789	36.7820053100586	20.1698894500732	1	2.69343829154968	20	17.2000007629395	4
"57"	1984	"TOYOTA"	"COROLLA"	56	103.300003051758	49.5999984741211	"D"	2205	0	0	0	1	1	0	16.6618194580078	3.90399074554443	7.69848299026489	4.02535152435303	4.63763761520386	16.2034549713135	59.2666397094727	21.507682800293	30.9890995025635	35.7027740478516	18.6681213378906	1	0	0	0	5
"58"	1985	"TOYOTA"	"COROLLA"	56	103.300003051758	48.7000007629395	"D"	2205	0	0	0	1	1	0	16.6618194580078	3.88567900657654	7.69848299026489	4.02535152435303	4.63763761520386	16.2034549713135	59.2666397094727	21.507682800293	30.9890995025635	35.7027740478516	18.6681213378906	1	0	0	0	6
"59"	1986	"TOYOTA"	"COROLLA"	74	116.599998474121	39.2999992370605	"G"	2112	0	0	0	0	1	0	12.984034538269	3.67122459411621	7.65539073944092	4.30406522750854	4.75874948501587	18.5249767303467	58.6050071716309	22.6456966400146	32.9493026733398	36.4300880432129	20.4819679260254	1	0	0	0	7
"60"	1987	"TOYOTA"	"COROLLA"	74	116.599998474121	38.2999992370605	"G"	2163	0	0	0	0	1	0	13.2263708114624	3.64544987678528	7.67925119400024	4.30406522750854	4.75874948501587	18.5249767303467	58.9708976745605	22.6456966400146	33.0519981384277	36.5436325073242	20.4819679260254	1	0	0	0	8
"61"	1988	"TOYOTA"	"COROLLA"	90	129.199996948242	37.2999992370605	"G"	2207	0	0	0	0	1	0	11.5434427261353	3.61899328231812	7.69938945770264	4.49980974197388	4.86136150360107	20.2482872009277	59.2805976867676	23.6328353881836	34.6457862854004	37.429515838623	21.8752021789551	1	0	0	0	9
"62"	1989	"TOYOTA"	"COROLLA"	90	129.199996948242	37.2999992370605	"G"	2207	0	0	0	0	1	0	11.5434427261353	3.61899328231812	7.69938945770264	4.49980974197388	4.86136150360107	20.2482872009277	59.2805976867676	23.6328353881836	34.6457862854004	37.429515838623	21.8752021789551	1	0	0	0	10
"63"	1990	"TOYOTA"	"COROLLA"	102	135.300003051758	34.7999992370605	"G"	2394	0	0	0	0	1	0	11.157901763916	3.54961729049683	7.78072071075439	4.62497282028198	4.90749454498291	21.3903732299805	60.5396156311035	24.0835018157959	35.9856224060059	38.1838455200195	22.6970291137695	1	0	0	0	11
"64"	1991	"TOYOTA"	"COROLLA"	102	136.899993896484	35.4000015258789	"G"	2282	0	0	0	0	1	0	10.7511758804321	3.56671190261841	7.73280763626099	4.62497282028198	4.91925048828125	21.3903732299805	59.796314239502	24.1990261077881	35.7640266418457	38.0396194458008	22.7513999938965	1	0	0	0	12
"65"	1992	"TOYOTA"	"COROLLA"	130	142.399993896484	35.0999984741211	"G"	2253	0	0	0	0	1	0	8.8208475112915	3.55820107460022	7.72001791000366	4.86753463745117	4.95864009857178	23.6928939819336	59.5986747741699	24.5881118774414	37.5774536132812	38.2807922363281	24.1363525390625	1	0	0	0	13
"66"	1993	"TOYOTA"	"COROLLA"	115	155.899993896484	35	"G"	2450	0	0	0	0	1	0	10.351167678833	3.55534815788269	7.80384349822998	4.74493217468262	5.0492148399353	22.5143814086914	60.899974822998	25.4945697784424	37.0287094116211	39.4032821655273	23.9581813812256	1	0	0	0	14
"67"	1994	"TOYOTA"	"COROLLA"	115	155.899993896484	35.0999984741211	"G"	2450	0	0	0	0	1	0	10.351167678833	3.55820107460022	7.80384349822998	4.74493217468262	5.0492148399353	22.5143814086914	60.899974822998	25.4945697784424	37.0287094116211	39.4032821655273	23.9581813812256	1	0	0	0	15
"68"	1995	"TOYOTA"	"COROLLA"	105	158.699996948242	36	"G"	2450	0	0	0	0	1	0	11.1072988510132	3.58351898193359	7.80384349822998	4.65396022796631	5.06701564788818	21.6593456268311	60.899974822998	25.6746482849121	36.3187789916992	39.5421981811523	23.5816898345947	1	0	0	0	16
"69"	1996	"TOYOTA"	"COROLLA"	100	142.399993896484	38	"G"	2315	0	0	0	0	1	0	11.0396041870117	3.63758611679077	7.74716520309448	4.60517024993896	4.95864009857178	21.2075939178467	60.0185699462891	24.5881118774414	35.6770133972168	38.4154052734375	22.8353824615479	1	0	0	0	17
"70"	1997	"TOYOTA"	"COROLLA"	100	142	38	"G"	2450	0	0	0	0	1	0	11.5353345870972	3.63758611679077	7.80384349822998	4.60517024993896	4.95582723617554	21.2075939178467	60.899974822998	24.5602245330811	35.9380264282227	38.6744995117188	22.8224277496338	1	0	0	0	18
"71"	1998	"TOYOTA"	"COROLLA"	120	166	39.4000015258789	"G"	2450	0	0	0	0	1	0	10.0153179168701	3.67376589775085	7.80384349822998	4.78749179840088	5.11198759078979	22.9200782775879	60.899974822998	26.132417678833	37.3608360290527	39.8931503295898	24.4735984802246	1	0	0	0	19
"72"	1999	"TOYOTA"	"COROLLA"	120	166	39.7000007629395	"G"	2414	0	0	0	0	1	0	9.9010763168335	3.68135118484497	7.78904056549072	4.78749179840088	5.11198759078979	22.9200782775879	60.6691513061523	26.132417678833	37.289966583252	39.8174781799316	24.4735984802246	1	0	0	0	20
"73"	2000	"TOYOTA"	"COROLLA"	125	170	39.5999984741211	"G"	2450	0	0	0	0	1	0	9.7034215927124	3.67882919311523	7.80384349822998	4.82831382751465	5.13579845428467	23.312614440918	60.899974822998	26.3764266967773	37.6794052124023	40.0789680480957	24.7972469329834	1	0	0	0	21
"74"	2001	"TOYOTA"	"COROLLA"	125	170	41.7000007629395	"G"	2410	0	0	0	0	1	0	9.58041667938232	3.73050117492676	7.78738212585449	4.82831382751465	5.13579845428467	23.312614440918	60.6433219909668	26.3764266967773	37.599925994873	39.9944267272949	24.7972469329834	1	0	0	0	22
"75"	2002	"TOYOTA"	"COROLLA"	125	170	41.7000007629395	"G"	2410	0	0	0	0	1	0	9.58041667938232	3.73050117492676	7.78738212585449	4.82831382751465	5.13579845428467	23.312614440918	60.6433219909668	26.3764266967773	37.599925994873	39.9944267272949	24.7972469329834	1	0	0	0	23
"76"	2003	"TOYOTA"	"COROLLA"	125	170	41.7000007629395	"G"	2410	0	0	0	0	1	0	9.58041667938232	3.73050117492676	7.78738212585449	4.82831382751465	5.13579845428467	23.312614440918	60.6433219909668	26.3764266967773	37.599925994873	39.9944267272949	24.7972469329834	1	0	0	0	24
"77"	2004	"TOYOTA"	"COROLLA"	130	170	41.5999984741211	"G"	2410	0	0	0	0	1	0	9.29359149932861	3.72810006141663	7.78738212585449	4.86753463745117	5.13579845428467	23.6928939819336	60.6433219909668	26.3764266967773	37.9053535461426	39.9944267272949	24.9986763000488	1	0	0	0	25
"78"	2005	"TOYOTA"	"COROLLA"	130	170	41.7999992370605	"G"	2410	0	0	0	0	1	0	9.29359149932861	3.73289632797241	7.78738212585449	4.86753463745117	5.13579845428467	23.6928939819336	60.6433219909668	26.3764266967773	37.9053535461426	39.9944267272949	24.9986763000488	1	0	0	0	26
"79"	2006	"TOYOTA"	"COROLLA"	126	165	41.7999992370605	"G"	2575	0	0	0	0	1	0	10.0228595733643	3.73289632797241	7.85360479354858	4.83628177642822	5.1059455871582	23.3896217346191	61.6791076660156	26.0706806182861	37.9822463989258	40.1000785827637	24.6937923431396	1	0	0	0	27
"80"	1981	"GMC"	"CORVETTE"	190	379.700012207031	17.3999996185303	"G"	3543	0	0	0	0	0	0	9.40182113647461	2.85647010803223	8.1727294921875	5.24702405929565	5.93938159942627	27.5312614440918	66.7935104370117	35.276252746582	42.8825073242188	48.540958404541	31.1640777587891	1	0	0	0	0
"81"	1982	"GMC"	"CORVETTE"	200	386.5	18.5	"G"	3503	0	0	0	0	0	0	8.93943405151367	2.91777062416077	8.16137504577637	5.29831743240356	5.95713186264038	28.0721683502197	66.608039855957	35.487419128418	43.2415542602539	48.6183891296387	31.5627746582031	1	0	0	0	0
"82"	1984	"GMC"	"CORVETTE"	205	393.200012207031	20	"G"	3232	0	0	0	0	0	0	8.21348476409912	2.99573230743408	8.08085632324219	5.32300996780396	5.9743185043335	28.3344345092773	65.3002395629883	35.6924819946289	43.0144805908203	48.2776107788086	31.8013572692871	1	0	0	0	0
"83"	1985	"GMC"	"CORVETTE"	230	447.5	21.3999996185303	"G"	3192	0	0	0	0	0	0	7.4121561050415	3.0633909702301	8.06840324401855	5.43807935714722	6.10367631912231	29.5727062225342	65.0991287231445	37.2548637390137	43.8766174316406	49.2469215393066	33.1922760009766	1	0	0	0	0
"84"	1986	"GMC"	"CORVETTE"	230	447.5	22.7999992370605	"G"	3230	0	0	0	0	0	0	7.48310708999634	3.12676048278809	8.08023738861084	5.43807935714722	6.10367631912231	29.5727062225342	65.2902374267578	37.2548637390137	43.9409713745117	49.3191528320312	33.1922760009766	1	0	0	0	0
"85"	1987	"GMC"	"CORVETTE"	240	467.799987792969	22.6000003814697	"G"	3216	0	0	0	0	1	0	7.22657823562622	3.11794996261597	8.07589340209961	5.48063898086548	6.14804077148438	30.0374031066895	65.2200546264648	37.7984046936035	44.2610549926758	49.6509208679199	33.6951904296875	1	0	0	0	8
"86"	1988	"GMC"	"CORVETTE"	240	467.799987792969	22.7999992370605	"G"	3269	0	0	0	0	0	0	7.30127668380737	3.12676048278809	8.09223937988281	5.48063898086548	6.14804077148438	30.0374031066895	65.4843368530273	37.7984046936035	44.350643157959	49.7514190673828	33.6951904296875	1	0	0	0	0
"87"	1989	"GMC"	"CORVETTE"	240	467.799987792969	23.3999996185303	"G"	3269	0	0	0	0	0	0	7.30127668380737	3.15273594856262	8.09223937988281	5.48063898086548	6.14804077148438	30.0374031066895	65.4843368530273	37.7984046936035	44.350643157959	49.7514190673828	33.6951904296875	1	0	0	0	0
"88"	1990	"GMC"	"CORVETTE"	245	455.600006103516	22.6000003814697	"G"	3295	0	0	0	0	0	0	7.22702884674072	3.11794996261597	8.1001615524292	5.5012583732605	6.12161540985107	30.263843536377	65.6126174926758	37.4741744995117	44.5610809326172	49.5860748291016	33.676586151123	1	0	0	0	0
"89"	1991	"GMC"	"CORVETTE"	245	461	23.1000003814697	"G"	3223	0	0	0	0	1	0	7.12400960922241	3.13983273506165	8.07806777954102	5.5012583732605	6.13339805603027	30.263843536377	65.2551803588867	37.6185722351074	44.4395370483398	49.5460052490234	33.7414093017578	1	0	0	0	12
"90"	1992	"GMC"	"CORVETTE"	300	447.5	23.2000007629395	"G"	3301	0	0	0	0	1	0	6.20308589935303	3.14415240287781	8.1019811630249	5.70378255844116	6.10367631912231	32.5331344604492	65.6420974731445	37.2548637390137	46.2119369506836	49.4518699645996	34.8140411376953	1	0	0	0	13
"91"	1993	"GMC"	"CORVETTE"	300	461	23.2000007629395	"G"	3359	0	0	0	0	1	0	6.28738784790039	3.14415240287781	8.11939811706543	5.70378255844116	6.13339805603027	32.5331344604492	65.9246292114258	37.6185722351074	46.3112831115723	49.7994995117188	34.983570098877	1	0	0	0	14
"92"	1994	"GMC"	"CORVETTE"	300	461	23.5	"G"	3356	0	0	0	0	1	0	6.28303575515747	3.15700030326843	8.11850547790527	5.70378255844116	6.13339805603027	32.5331344604492	65.9101333618164	37.6185722351074	46.3061904907227	49.7940254211426	34.983570098877	1	0	0	0	15
"93"	1995	"GMC"	"CORVETTE"	300	461	23.5	"G"	3351	0	0	0	0	1	0	6.27577972412109	3.15700030326843	8.11701393127441	5.70378255844116	6.13339805603027	32.5331344604492	65.8859176635742	37.6185722351074	46.2976837158203	49.7848777770996	34.983570098877	1	0	0	0	16
"94"	1996	"GMC"	"CORVETTE"	300	454.299987792969	23.2000007629395	"G"	3307	0	0	0	0	0	0	6.15781688690186	3.14415240287781	8.10379695892334	5.70378255844116	6.11875772476196	32.5331344604492	65.6715240478516	37.4391975402832	46.2222938537598	49.5851707458496	34.9000625610352	1	0	0	0	0
"95"	1997	"GMC"	"CORVETTE"	330	461	23.2999992370605	"G"	3230	0	0	0	0	1	0	5.66513347625732	3.14845323562622	8.08023738861084	5.7990927696228	6.13339805603027	33.6294784545898	65.2902374267578	37.6185722351074	46.8580474853516	49.5593109130859	35.5681457519531	1	0	0	0	18
"96"	1998	"GMC"	"CORVETTE"	345	475	23.2999992370605	"G"	3230	0	0	0	0	1	0	5.47329235076904	3.14845323562622	8.08023738861084	5.84354448318481	6.16331481933594	34.1470108032227	65.2902374267578	37.9864501953125	47.217227935791	49.8010482788086	36.0156059265137	1	0	0	0	19
"97"	1999	"GMC"	"CORVETTE"	345	475	24.7999992370605	"G"	3230	0	0	0	0	1	0	5.47329235076904	3.21084356307983	8.08023738861084	5.84354448318481	6.16331481933594	34.1470108032227	65.2902374267578	37.9864501953125	47.217227935791	49.8010482788086	36.0156059265137	1	0	0	0	20
"98"	2000	"GMC"	"CORVETTE"	345	475	24.8999996185303	"G"	3290	0	0	0	0	1	0	5.55192375183105	3.21486783027649	8.09864330291748	5.84354448318481	6.16331481933594	34.1470108032227	65.588020324707	37.9864501953125	47.3247833251953	49.9144897460938	36.0156059265137	1	0	0	0	21
"99"	2001	"GMC"	"CORVETTE"	350	475	26.1000003814697	"G"	3298	0	0	0	0	1	0	5.5007004737854	3.26193523406982	8.10107135772705	5.85793304443359	6.16331481933594	34.3153800964355	65.6273574829102	37.9864501953125	47.4555320739746	49.9294548034668	36.1042861938477	1	0	0	0	22
"100"	2002	"GMC"	"CORVETTE"	350	475	26.1000003814697	"G"	3298	0	0	0	0	1	0	5.5007004737854	3.26193523406982	8.10107135772705	5.85793304443359	6.16331481933594	34.3153800964355	65.6273574829102	37.9864501953125	47.4555320739746	49.9294548034668	36.1042861938477	1	0	0	0	23
"101"	2003	"GMC"	"CORVETTE"	350	475	26.1000003814697	"G"	3214	0	0	0	0	0	0	5.31571912765503	3.26193523406982	8.07527160644531	5.85793304443359	6.16331481933594	34.3153800964355	65.2100143432617	37.9864501953125	47.3044013977051	49.7704429626465	36.1042861938477	1	0	0	0	0
"102"	2004	"GMC"	"CORVETTE"	350	475	26.1000003814697	"G"	3298	0	0	0	0	1	0	5.5007004737854	3.26193523406982	8.10107135772705	5.85793304443359	6.16331481933594	34.3153800964355	65.6273574829102	37.9864501953125	47.4555320739746	49.9294548034668	36.1042861938477	1	0	0	0	25
"103"	2005	"GMC"	"CORVETTE"	400	475	24.8999996185303	"G"	3298	0	0	0	0	1	0	4.95991516113281	3.21486783027649	8.10107135772705	5.99146461486816	6.16331481933594	35.897647857666	65.6273574829102	37.9864501953125	48.537281036377	49.9294548034668	36.9272842407227	1	0	0	0	26
"104"	2006	"GMC"	"CORVETTE"	400	542	24.8999996185303	"G"	3199	0	0	0	0	1	0	4.84413242340088	3.21486783027649	8.07059383392334	5.99146461486816	6.29526615142822	35.897647857666	65.1344833374023	39.6303749084473	48.354679107666	50.8065376281738	37.7178649902344	1	0	0	0	27
"105"	1980	"GMC"	"GRAND PRIX"	110	257.600006103516	21.7000007629395	"G"	3232	0	0	0	0	0	0	13.5571432113647	3.07731223106384	8.08085632324219	4.70048046112061	5.55140781402588	22.0945167541504	65.3002395629883	30.8181285858154	37.9839057922363	44.8601303100586	26.0942840576172	1	0	0	0	0
"106"	1981	"GMC"	"GRAND PRIX"	105	271.200012207031	26.6000003814697	"D"	3450	0	0	0	1	0	0	14.8337802886963	3.2809112071991	8.1461296081543	4.65396022796631	5.60285663604736	21.6593456268311	66.3594284057617	31.3920021057129	37.9117622375488	45.6415977478027	26.0754718780518	1	0	0	0	0
"107"	1982	"GMC"	"GRAND PRIX"	105	271.200012207031	26.8999996185303	"D"	3450	0	0	0	1	0	0	14.8337802886963	3.29212617874146	8.1461296081543	4.65396022796631	5.60285663604736	21.6593456268311	66.3594284057617	31.3920021057129	37.9117622375488	45.6415977478027	26.0754718780518	1	0	0	0	0
"108"	1983	"GMC"	"GRAND PRIX"	105	271.200012207031	27.1000003814697	"D"	3450	0	0	0	1	0	0	14.8337802886963	3.29953384399414	8.1461296081543	4.65396022796631	5.60285663604736	21.6593456268311	66.3594284057617	31.3920021057129	37.9117622375488	45.6415977478027	26.0754718780518	1	0	0	0	0
"109"	1984	"GMC"	"GRAND PRIX"	105	271.200012207031	27.3999996185303	"D"	3397	0	0	0	1	0	0	14.6500597000122	3.31054306030273	8.13064765930176	4.65396022796631	5.60285663604736	21.6593456268311	66.1074295043945	31.3920021057129	37.8397102355957	45.5548515319824	26.0754718780518	1	0	0	0	0
"110"	1985	"GMC"	"GRAND PRIX"	110	257.600006103516	24.5	"G"	3207	0	0	0	0	0	0	13.4726610183716	3.19867300987244	8.07309150695801	4.70048046112061	5.55140781402588	22.0945167541504	65.1748046875	30.8181285858154	37.9474105834961	44.817024230957	26.0942840576172	1	0	0	0	0
"111"	1986	"GMC"	"GRAND PRIX"	110	257.600006103516	24.2000007629395	"G"	3235	0	0	0	0	0	0	13.5672731399536	3.18635272979736	8.08178424835205	4.70048046112061	5.55140781402588	22.0945167541504	65.3152389526367	30.8181285858154	37.9882698059082	44.8652801513672	26.0942840576172	1	0	0	0	0
"112"	1987	"GMC"	"GRAND PRIX"	140	305.100006103516	25.2000007629395	"G"	3271	0	0	0	0	0	0	11.2732629776001	3.22684407234192	8.09285068511963	4.94164228439331	5.72063970565796	24.419828414917	65.4942321777344	32.7257194519043	39.9919738769531	46.2962837219238	28.2693557739258	1	0	0	0	0
"113"	1988	"GMC"	"GRAND PRIX"	125	224.399993896484	27.2999992370605	"G"	3178	0	0	0	0	0	0	12.0666351318359	3.30688667297363	8.06400775909424	4.82831382751465	5.41343021392822	23.312614440918	65.0282211303711	29.3052272796631	38.9355583190918	43.6539421081543	26.1377391815186	1	0	0	0	0
"114"	1989	"GMC"	"GRAND PRIX"	140	250.899993896484	26.7000007629395	"G"	3182	0	0	0	0	0	0	11.0256814956665	3.28466367721558	8.06526565551758	4.94164228439331	5.52505445480347	24.419828414917	65.0485076904297	30.5262260437012	39.8556594848633	44.5610313415527	27.3028430938721	1	0	0	0	0
"115"	1990	"GMC"	"GRAND PRIX"	180	214.399993896484	27.7000007629395	"G"	3160	0	0	0	0	0	0	8.95609283447266	3.32143235206604	8.05832767486572	5.19295692443848	5.36784362792969	26.9668006896973	64.9366455078125	28.8137454986572	41.846549987793	43.2558441162109	27.8749809265137	1	0	0	0	0
"116"	1991	"GMC"	"GRAND PRIX"	180	216.899993896484	26.2000007629395	"G"	3280	0	0	0	0	0	0	9.22887897491455	3.26575946807861	8.09559917449951	5.19295692443848	5.37943649291992	26.9668006896973	65.5387268066406	28.9383373260498	42.040096282959	43.5497627258301	27.9351825714111	1	0	0	0	0
"117"	1992	"GMC"	"GRAND PRIX"	140	250.800003051758	26.2999992370605	"G"	3266	0	0	0	0	0	0	11.259388923645	3.2695689201355	8.09132099151611	4.94164228439331	5.52465581893921	24.419828414917	65.4694747924805	30.521821975708	39.9844131469727	44.7017631530762	27.3008728027344	1	0	0	0	0
"118"	1993	"GMC"	"GRAND PRIX"	140	250.899993896484	26.5	"G"	3275	0	0	0	0	0	0	11.2843589782715	3.27714467048645	8.09407329559326	4.94164228439331	5.52505445480347	24.419828414917	65.5140228271484	30.5262260437012	39.9980163574219	44.7201957702637	27.3028430938721	1	0	0	0	0
"119"	1994	"GMC"	"GRAND PRIX"	165	250.899993896484	25.5	"G"	3399	0	0	0	0	0	0	10.1865701675415	3.23867845535278	8.13123607635498	5.1059455871582	5.52505445480347	26.0706806182861	66.1169967651367	30.5262260437012	41.517650604248	44.9255218505859	28.2106266021729	1	0	0	0	0
"120"	1995	"GMC"	"GRAND PRIX"	165	250.899993896484	25.5	"G"	3399	0	0	0	0	0	0	10.1865701675415	3.23867845535278	8.13123607635498	5.1059455871582	5.52505445480347	26.0706806182861	66.1169967651367	30.5262260437012	41.517650604248	44.9255218505859	28.2106266021729	1	0	0	0	0
"121"	1996	"GMC"	"GRAND PRIX"	160	250.899993896484	26.5	"G"	3318	0	0	0	0	0	0	10.2412691116333	3.27714467048645	8.10711765289307	5.07517385482788	5.52505445480347	25.7573890686035	65.7253570556641	30.5262260437012	41.1450309753418	44.7922668457031	28.0406112670898	1	0	0	0	0
"122"	1997	"GMC"	"GRAND PRIX"	160	251	26.8999996185303	"G"	3372	0	0	0	0	0	0	10.3752307891846	3.29212617874146	8.12326145172119	5.07517385482788	5.52545309066772	25.7573890686035	65.9873733520508	30.530632019043	41.2269630432129	44.8847007751465	28.0426349639893	1	0	0	0	0
"123"	1998	"GMC"	"GRAND PRIX"	160	251	26.8999996185303	"G"	3372	0	0	0	0	0	0	10.3752307891846	3.29212617874146	8.12326145172119	5.07517385482788	5.52545309066772	25.7573890686035	65.9873733520508	30.530632019043	41.2269630432129	44.8847007751465	28.0426349639893	1	0	0	0	0
"124"	1999	"GMC"	"GRAND PRIX"	160	251	26.8999996185303	"G"	3414	0	0	0	0	0	0	10.479133605957	3.29212617874146	8.13564014434814	5.07517385482788	5.52545309066772	25.7573890686035	66.1886367797852	30.530632019043	41.2897872924805	44.9530982971191	28.0426349639893	1	0	0	0	0
"125"	2000	"GMC"	"GRAND PRIX"	240	380	26.5	"G"	3470	0	1	0	0	0	0	7.66055107116699	3.27714467048645	8.15190982818604	5.48063898086548	5.94017124176025	30.0374031066895	66.4536361694336	35.2856330871582	44.6776733398438	48.4237403869629	32.5559349060059	1	0	0	0	0
"126"	2001	"GMC"	"GRAND PRIX"	175	264	27.3999996185303	"G"	3384	0	0	0	0	0	0	9.68078708648682	3.31054306030273	8.1268138885498	5.16478586196899	5.57594919204712	26.675012588501	66.0451049804688	31.0912094116211	41.9732551574707	45.3147010803223	28.798583984375	1	0	0	0	0
"127"	2002	"GMC"	"GRAND PRIX"	175	264	27.1000003814697	"G"	3384	0	0	0	0	0	0	9.68078708648682	3.29953384399414	8.1268138885498	5.16478586196899	5.57594919204712	26.675012588501	66.0451049804688	31.0912094116211	41.9732551574707	45.3147010803223	28.798583984375	1	0	0	0	0
"128"	2003	"GMC"	"GRAND PRIX"	175	264	27.3999996185303	"G"	3384	0	0	0	0	0	0	9.68078708648682	3.31054306030273	8.1268138885498	5.16478586196899	5.57594919204712	26.675012588501	66.0451049804688	31.0912094116211	41.9732551574707	45.3147010803223	28.798583984375	1	0	0	0	0
"129"	2004	"GMC"	"GRAND PRIX"	200	305	27.2999992370605	"G"	3495	0	0	0	0	0	0	8.92299556732178	3.30688667297363	8.15908908843994	5.29831743240356	5.72031164169312	28.0721683502197	66.5707321166992	32.7219657897949	43.2294425964355	46.6725311279297	30.3080272674561	1	0	0	0	0
"130"	2005	"GMC"	"GRAND PRIX"	200	305	27.2999992370605	"G"	3495	0	0	0	0	0	0	8.92299556732178	3.30688667297363	8.15908908843994	5.29831743240356	5.72031164169312	28.0721683502197	66.5707321166992	32.7219657897949	43.2294425964355	46.6725311279297	30.3080272674561	1	0	0	0	0
"131"	2006	"GMC"	"GRAND PRIX"	200	312	27.5	"G"	3450	0	0	0	0	0	0	8.83039379119873	3.31418609619141	8.1461296081543	5.29831743240356	5.74300336837769	28.0721683502197	66.3594284057617	32.9820861816406	43.1607818603516	46.7832489013672	30.4282550811768	1	0	0	0	0
"132"	1980	"FORD"	"MUSTANG"	88	160	27.7000007629395	"G"	2720	0	0	0	0	1	0	13.811577796936	3.32143235206604	7.90838718414307	4.47733688354492	5.07517385482788	20.0465450286865	62.5425872802734	25.7573890686035	35.4085121154785	40.1364402770996	22.7232627868652	1	0	0	0	1
"133"	1981	"FORD"	"MUSTANG"	86	161.399993896484	26.8999996185303	"G"	2741	0	0	0	0	1	0	14.1439161300659	3.29212617874146	7.91607809066772	4.45434713363647	5.08388566970825	19.8412075042725	62.6642913818359	25.8458938598633	35.2609596252441	40.2444343566895	22.6453914642334	1	0	0	0	2
"134"	1982	"FORD"	"MUSTANG"	86	158.699996948242	25.7999992370605	"G"	2744	0	0	0	0	1	0	14.1559114456177	3.25037455558777	7.91717195510864	4.45434713363647	5.06701564788818	19.8412075042725	62.6816101074219	25.6746482849121	35.2658309936523	40.1164360046387	22.5702457427979	1	0	0	0	3
"135"	1983	"FORD"	"MUSTANG"	86	158.699996948242	29.5	"G"	2744	0	0	0	0	1	0	14.1559114456177	3.38439035415649	7.91717195510864	4.45434713363647	5.06701564788818	19.8412075042725	62.6816101074219	25.6746482849121	35.2658309936523	40.1164360046387	22.5702457427979	1	0	0	0	4
"136"	1984	"FORD"	"MUSTANG"	92	165.399993896484	28.7000007629395	"G"	2764	0	0	0	0	1	0	13.5108575820923	3.3568971157074	7.92443418502808	4.52178859710693	5.10836696624756	20.4465713500977	62.7966575622559	26.0954132080078	35.8326148986816	40.4809188842773	23.0989551544189	1	0	0	0	5
"137"	1985	"FORD"	"MUSTANG"	88	165.399993896484	30	"G"	2764	0	0	0	0	1	0	13.9844169616699	3.40119743347168	7.92443418502808	4.47733688354492	5.10836696624756	20.0465450286865	62.7966575622559	26.0954132080078	35.4803619384766	40.4809188842773	22.8718795776367	1	0	0	0	6
"138"	1986	"FORD"	"MUSTANG"	88	165.399993896484	29.7999992370605	"G"	2773	0	0	0	0	1	0	14.0196952819824	3.39450836181641	7.92768526077271	4.47733688354492	5.10836696624756	20.0465450286865	62.8481941223145	26.0954132080078	35.4949188232422	40.4975242614746	22.8718795776367	1	0	0	0	7
"139"	1987	"FORD"	"MUSTANG"	90	176.300003051758	31.7000007629395	"G"	2774	0	0	0	0	1	0	13.7814855575562	3.45631670951843	7.92804574966431	4.49980974197388	5.17218732833862	20.2482872009277	62.8539085388184	26.751522064209	35.6746978759766	41.0053367614746	23.2738590240479	1	0	0	0	8
"140"	1988	"FORD"	"MUSTANG"	90	175.399993896484	31.2999992370605	"G"	2774	0	0	0	0	1	0	13.7814855575562	3.44361805915833	7.92804574966431	4.49980974197388	5.16706895828247	20.2482872009277	62.8539085388184	26.698600769043	35.6746978759766	40.9647598266602	23.2508277893066	1	0	0	0	9
"141"	1989	"FORD"	"MUSTANG"	90	175.399993896484	29	"G"	2774	0	0	0	0	1	0	13.7814855575562	3.36729574203491	7.92804574966431	4.49980974197388	5.16706895828247	20.2482872009277	62.8539085388184	26.698600769043	35.6746978759766	40.9647598266602	23.2508277893066	1	0	0	0	10
"142"	1990	"FORD"	"MUSTANG"	88	176.899993896484	30.2000007629395	"G"	2809	0	0	0	0	1	0	14.1605463027954	3.40784192085266	7.9405837059021	4.47733688354492	5.17558479309082	20.0465450286865	63.0528678894043	26.786678314209	35.5526695251465	41.0971641540527	23.1728363037109	1	0	0	0	11
"143"	1991	"FORD"	"MUSTANG"	105	183	30.8999996185303	"G"	2759	0	0	0	0	1	0	12.178318977356	3.43075609207153	7.92262363433838	4.65396022796631	5.20948600769043	21.6593456268311	62.7679634094238	27.138744354248	36.8715744018555	41.2727966308594	24.2447414398193	1	0	0	0	12
"144"	1993	"FORD"	"MUSTANG"	105	183.100006103516	29.7000007629395	"G"	2950	0	0	0	0	1	0	12.826756477356	3.39114713668823	7.98956060409546	4.65396022796631	5.21003246307373	21.6593456268311	63.833080291748	27.144437789917	37.1830978393555	41.6258697509766	24.2472839355469	1	0	0	0	14
"145"	1994	"FORD"	"MUSTANG"	145	291.5	27.7000007629395	"G"	3200	0	0	0	0	1	0	10.6379384994507	3.32143235206604	8.0709056854248	4.97673368453979	5.67503976821899	24.7678775787354	65.139518737793	32.2060775756836	40.166748046875	45.8027114868164	28.2431621551514	1	0	0	0	15
"146"	1995	"FORD"	"MUSTANG"	145	291.5	27.7999992370605	"G"	3075	0	0	0	0	1	0	10.3144540786743	3.32503604888916	8.03106021881104	4.97673368453979	5.67503976821899	24.7678775787354	64.4979248046875	32.2060775756836	39.968448638916	45.576587677002	28.2431621551514	1	0	0	0	16
"147"	1996	"FORD"	"MUSTANG"	150	291.5	27.6000003814697	"G"	3065	0	0	0	0	1	0	10.021653175354	3.31781578063965	8.02780246734619	5.01063537597656	5.67503976821899	25.106466293335	64.4456100463867	32.2060775756836	40.2243919372559	45.5580978393555	28.4355545043945	1	0	0	0	17
"148"	1997	"FORD"	"MUSTANG"	150	292	27.1000003814697	"G"	3200	0	0	0	0	0	0	10.4774866104126	3.29953384399414	8.0709056854248	5.01063537597656	5.67675399780273	25.106466293335	65.139518737793	32.2255363464355	40.4403648376465	45.8165473937988	28.4441452026367	1	0	0	0	0
"149"	1998	"FORD"	"MUSTANG"	150	292	27.5	"G"	3075	0	0	0	0	1	0	10.0469846725464	3.31418609619141	8.03106021881104	5.01063537597656	5.67675399780273	25.106466293335	64.4979248046875	32.2255363464355	40.2407150268555	45.5903549194336	28.4441452026367	1	0	0	0	19
"150"	1999	"FORD"	"MUSTANG"	150	292	26.7999992370605	"G"	3075	0	0	0	0	1	0	10.0469846725464	3.28840184211731	8.03106021881104	5.01063537597656	5.67675399780273	25.106466293335	64.4979248046875	32.2255363464355	40.2407150268555	45.5903549194336	28.4441452026367	1	0	0	0	20
"151"	2000	"FORD"	"MUSTANG"	190	298	26.8999996185303	"G"	3119	0	0	0	0	1	0	8.45774078369141	3.29212617874146	8.04526805877686	5.24702405929565	5.69709348678589	27.5312614440918	64.7263412475586	32.4568748474121	42.2137145996094	45.834644317627	29.892786026001	1	0	0	0	21
"152"	2002	"FORD"	"MUSTANG"	190	298	26.8999996185303	"G"	3066	0	0	0	0	1	0	8.34614372253418	3.29212617874146	8.0281286239624	5.24702405929565	5.69709348678589	27.5312614440918	64.4508514404297	32.4568748474121	42.1237831115723	45.7369995117188	29.892786026001	1	0	0	0	23
"153"	2003	"FORD"	"MUSTANG"	190	298	26.8999996185303	"G"	3066	0	0	0	0	1	0	8.34614372253418	3.29212617874146	8.0281286239624	5.24702405929565	5.69709348678589	27.5312614440918	64.4508514404297	32.4568748474121	42.1237831115723	45.7369995117188	29.892786026001	1	0	0	0	24
"154"	2004	"FORD"	"MUSTANG"	190	298	27.1000003814697	"G"	3290	0	0	0	0	1	0	8.81493759155273	3.29953384399414	8.09864330291748	5.24702405929565	5.69709348678589	27.5312614440918	65.588020324707	32.4568748474121	42.4937744140625	46.138729095459	29.892786026001	1	0	0	0	25
"155"	2005	"FORD"	"MUSTANG"	210	325	26.2000007629395	"G"	3300	0	0	0	0	1	0	8.17626285552979	3.26575946807861	8.10167789459229	5.34710741043091	5.78382539749146	28.5915584564209	65.6371841430664	33.45263671875	43.3205413818359	46.8586921691895	30.9267349243164	1	0	0	0	26
"156"	2006	"FORD"	"MUSTANG"	210	344	24.7999992370605	"G"	3371	0	0	0	0	0	0	8.33343601226807	3.21084356307983	8.12296485900879	5.34710741043091	5.84064149856567	28.5915584564209	65.9825592041016	34.113094329834	43.4343643188477	47.4433250427246	31.2305374145508	1	0	0	0	0
"157"	1980	"GMC"	"CORVETTE"	155	325.399993896484	17.8999996185303	"G"	3503	0	0	0	0	0	0	10.9754457473755	2.88480067253113	8.16137504577637	5.0434250831604	5.78505516052246	25.4361362457275	66.608039855957	33.4668617248535	41.1612854003906	47.2140045166016	29.17649269104	1	0	0	0	0
